MCMC result:

     t_s = 2.3680090483873335  +0.01398586454491646  -0.016768528714361963
      fp = 0.00030559239790407903  +0.001241871946182258  -0.00010352724465112787
     c_1 = -1.5594688866977777  +2.3227045699035545  -1.8772811597812924
     c_2 = -0.3301837019804159  +0.9209781147909842  -0.6847388843062668
     c_3 = 0.35764649654474456  +0.5354112484745774  -0.9657950413004779
     c_4 = 0.018453908990988546  +0.016262348773498973  -0.018501212647416734
     c_5 = -0.034505643041980824  +0.029214612625129137  -0.027751916435605394
     c_6 = 0.015933529722893684  +0.013933032003247095  -0.015762947947967086
     c_7 = -0.1590607687607125  +0.5172261682122242  -0.49439709839767576
     c_8 = 64.44205620885143  +1.3789743890973796  -1.086483721449909
     c_9 = -0.0002346669961017667  +4.745885428813953e-05  -9.533761209864035e-05
    c_10 = 0.0017586181648268052  +0.0002994040265894861  -0.012980523440421268
    c_11 = -0.0014447640142059032  +0.011004350011530935  -0.00967317758454505
    c_12 = 1.1082583085709032  +0.02379611462123954  -0.033603465311158764
    sigF = 0.0008143871079599217  +0.002941458226727826  -2.1875748750040135e-05
RMS = 814.9173069238813 ppm
chi2 = 1261.2072639093508
BIC = -16599.49128394283
RMS2 = 0.008581701062353243
