MCMC result:

     t_s = 2.3634015124242573  +0.011949748337254817  -0.014643981104107695
      fp = 0.0003081269796272834  +8.050186844677182e-05  -7.820119275311384e-05
     c_1 = 3525.0398964643246  +82552.92039888365  -93538.94852853619
     c_2 = 142.24221334961624  +970.5657964924897  -871.6009322289657
     c_3 = -199.0242608978665  +579.8112148466251  -  615.9588448843
     c_4 = 0.6555473936617104  +2.686105868282807  -2.6965058604456065
     c_5 = -2.448886073095201  +2.888259204404658  -2.970555999773755
     c_6 = 2.022052249957774  +1.330434643248969  -1.3425316330484245
     c_7 = -0.00018851798622609764  +2.69885610832894e-05  -2.771875681280926e-05
     c_8 = 0.0014110913900091955  +0.0001639553193446804  -0.00016037439613401103
     c_9 = -0.0033644580238077824  +0.0002796809405275994  -0.00030103922059755706
    c_10 = 0.919242880971113  +0.04743553975432657  -0.04495813068736665
    sigF = 0.0008110461091538901  +1.7100524685266624e-05  -1.5746772347475547e-05
RMS = 814.7431947081456 ppm
chi2 = 1271.1961584633402
BIC = -16614.13961248918
RMS2 = 0.009595628143207852
