MCMC result:

     t_s = 2.3664315429683827  +0.01216311438768125  -0.014321825256438547
      fp = 0.00032906122772618406  +7.646074570825327e-05  -7.682482703698991e-05
     c_1 = -0.00022548101343605777  +2.4795429990091068e-05  -2.4877817635971352e-05
     c_2 = 0.0016649558452144413  +0.0001380487251913757  -0.000138595790231718
     c_3 = -0.003906800946859803  +0.00021214696875440728  -0.00021232983421244113
     c_4 = 1.0022757583045074  +0.00011656658972758471  -0.00011584481758930565
     c_5 = 0.0008234990601501882  +1.6308953062966797e-05  -1.6122966725729015e-05
RMS = 818.8264623812103 ppm
chi2 = 1245.2807856670613
BIC = -16601.656482411483
