MCMC result:

     t_s = 2.358089929821379  +0.0456127989346915  -0.05247185565316137
      fp = 0.0003317675368016949  +5.421324297838519e-05  -5.4427426422869684e-05
     c_1 = 0.0034727281160956787  +9.315343415577547e-05  -9.655737407735171e-05
     c_2 = 2.180515561003361  +0.06815047064534951  -0.07004927911070657
     c_3 = 0.9993508344634218  +4.38438703194155e-05  -4.376830185226499e-05
    sigF = 0.0008101380408507249  +1.644642859461524e-05  -1.5918930168976097e-05
RMS = 810.5307490941327 ppm
chi2 = 1260.6677292715697
BIC = -16634.629946845045
RMS2 = 0.009880517055112281
