MCMC result:

     t_s = 2.3602571294799635  +0.014040989133439208  -0.01443463372059739
      fp = 0.00032468157819375113  +6.262349329987012e-05  -6.018895719224552e-05
     c_1 = -14745.322362980303  +69605.63556107617  -83757.6784252982
     c_2 = 83.99082615763945  +832.8753553260962  -770.6875726951649
     c_3 = 149.8069213966778  +540.4693513762916  -493.5462191981656
     c_4 = 0.4389031062024866  +2.423258400188142  -2.6460287511779494
     c_5 = -1.550277507456328  +2.9878264152214995  -2.6962622876280924
     c_6 = 0.18469852932209418  +1.205043891499456  -1.0623749361775454
     c_7 = 0.003507165459710341  +0.0002994428835371471  -0.00027062152745477557
     c_8 = 2.0629432259244855  +0.17388166196721455  -0.17781290110080317
     c_9 = 1.0063768477390103  +0.05753918942936087  -0.06262045286796192
    sigF = 0.000808701676514004  +1.8603077417939312e-05  -1.6047552926238152e-05
RMS = 808.3111421854875 ppm
chi2 = 1258.285382047358
BIC = -16641.484187166003
RMS2 = 0.00892252161971048
