MCMC result:

     t_s = 2.3542508508921447  +0.012569035589000688  -0.014580505592246329
      fp = 0.0003448207504178609  +7.781936222387814e-05  -7.402671155750095e-05
     c_1 = -1.9385722781713268  +0.8070833088290191  -0.997715915074287
     c_2 = 69.64275736279902  +1.8986426956248152  -1.822546524547647
     c_3 = -3.09345246315619e-06  +4.184213852155797e-07  -3.980292690896593e-07
     c_4 = 3.6226809623249934e-05  +4.504813829413331e-06  -3.0217924216980534e-06
     c_5 = 0.00034136632035596697  +0.00023158979949918263  -0.0002062528032311582
     c_6 = 0.01439216318378784  +0.00044760331149914026  -0.0004411005607633002
    sigF = 0.0008191600282355625  +1.755230225151548e-05  -1.5376900237855937e-05
RMS = 818.4165899238152 ppm
chi2 = 1257.245015095657
BIC = -16588.72755019348
RMS2 = 0.011213777911290551
