MCMC result:

     t_s = 2.3547243614739815  +0.045854173692250644  -0.0527589061881546
      fp = 0.00032398707243913577  +5.360428359960632e-05  -5.410135642869773e-05
     c_1 = 0.0034604447608135407  +9.410675957610823e-05  -9.73657101093618e-05
     c_2 = 2.135798552069624  +0.06718036619464707  -0.07133297468438293
     c_3 = 0.9993458094628047  +4.3435121287571654e-05  -4.368229554829739e-05
     c_4 = 0.0008097972210384756  +1.6361233582886324e-05  -1.581573278333615e-05
RMS = 810.553281638424 ppm
chi2 = 1261.803615472046
BIC = -16634.554431339307
