MCMC result:

     t_s = 2.3533190542006834  +0.013531793984436824  -0.012195033565377766
      fp = 0.0003899492437236099  +5.968800911366394e-05  -6.05153058374821e-05
     c_1 = 0.9996233115177158  +0.00011357472403561442  -0.00012539180647208603
     c_2 = 0.00010864643579937258  +4.316872753058347e-05  -4.8082400209329365e-05
     c_3 = 0.0033296149237289864  +0.00016438070169210155  -0.00016328315945054062
     c_4 = 2.799795373617119  +0.38133389643620674  -0.34895722904785886
    sigF = 0.000809566314732101  +1.626048975467316e-05  -1.586946797342342e-05
RMS = 809.2269749766583 ppm
chi2 = 1258.2564879292872
BIC = -16631.681349407943
RMS2 = 0.00786315928267483
