MCMC result:

     t_s = 2.335118964493232  +0.01080767904237856  -0.006466274507705094
      fp = 0.0006190442304586045  +6.06711411838799e-05  -6.103614176770846e-05
     c_1 = -0.00047958976911880607  +2.4225553599530915e-05  -2.4203117909743694e-05
     c_2 = 1.0004812673893524  +7.59326946278005e-05  -7.607839960765972e-05
     c_3 = 0.0009349546497861537  +1.9257891667085717e-05  -1.841513321441913e-05
RMS = 935.8820864518613 ppm
chi2 = 1261.7012226562626
BIC = -16279.6360248851
RMS2 = 0.06985820680534448
