MCMC result:

     t_s = 2.364480766498483  +0.013983070129063524  -0.018565714522938315
      fp = 0.0003255301193303895  +0.007505103394358143  -0.0008626609015626847
     c_1 = -6.399602933140747  +0.6296230978303045  -10.0332134102963
     c_2 = 1.0845962063624914  +0.9485278128429132  -9.703528943032321
     c_3 = -1.0749750412155974  +0.3261920706347814  -3.5977207143079197
     c_4 = -2.083046933024045  +0.41320604519255455  -2.089554812116326
     c_5 = 4.182382191358318  +4.32267072665016  -0.7816089295371205
     c_6 = -2.099189433636382  +0.41004749003069946  -2.1334898709041634
     c_7 = 0.00012615449466368595  +0.0018029501568704474  -0.001013928538670899
     c_8 = -0.0009376044300118103  +0.006328304520191914  -0.010045546367577176
     c_9 = 0.0022160332497979888  +0.014103056065784023  -0.011702818124967151
    c_10 = -0.5904089869973612  +1.6741393450876787  -0.09315320897822377
    sigF = 0.0008175061691095881  +0.01733107320433847  -0.001108575265296917
RMS = 814.8356084914136 ppm
chi2 = 1251.4755722251166
BIC = -16613.867673228255
RMS2 = 0.010020349311069668
