MCMC result:

     t_s = 2.3421260236730572  +0.016868113694949116  -0.013885043974300348
      fp = 0.000189695959856351  +6.17320363144541e-05  -6.12740182905724e-05
     c_1 = 0.21210932148849349  +2.980878746141743  -0.5784104979221651
     c_2 = 0.001098500480854919  +0.0012202035706181916  -0.00025185060236215367
     c_3 = 0.7882074156441597  +0.5784082822737417  -2.980896320478463
    sigF = 0.0009284976384728155  +1.831046112467263e-05  -1.810375044284686e-05
RMS = 930.1828421290277 ppm
chi2 = 1264.363196280191
BIC = -16287.299257514993
RMS2 = 0.012739664422040694
