MCMC result:

     t_s = 2.343273776763256  +0.016143843500426858  -0.013060022822998452
      fp = 0.00022397415709130675  +6.271624749554401e-05  -6.144221244860047e-05
     c_1 = 1.000393934067105  +8.609429242012467e-05  -8.380953944220337e-05
     c_2 = 0.00027358732870096445  +2.945885105894321e-05  -2.8471497382378847e-05
     c_3 = -0.001123853891476274  +0.00033992159389428485  -0.0004137829120272
     c_4 = 8.878490746867785  +11.92488146246366  -6.059517517746078
    sigF = 0.0009235581995376787  +1.9007616890165933e-05  -1.8759842851084202e-05
RMS = 921.8835953917962 ppm
chi2 = 1255.209766601546
BIC = -16302.755548432733
RMS2 = 0.006277124279842317
