MCMC result:

     t_s =  2.3601238773761  +0.01753268916570061  -0.014184112514655567
      fp = 9.165006888141024e-05  +0.00010467251176453001  -7.087486954881645e-05
     c_1 = 982.2228375832462  +626.8703100226419  -220.9832746290155
     c_2 = -183.176755157338  +69.61836398689438  -210.25724600709364
     c_3 = 168.27732877686984  +201.40358021439417  -68.40243445074394
     c_4 = 1.136195869759096  +1.351319761587295  -0.567932352450653
     c_5 = -0.8240481209562267  +0.899688277833508  -1.62935160853896
     c_6 = -0.25572602306174264  +0.8356705423231833  -0.8578640053173779
     c_7 = 0.15088747546916234  +0.02154018125579049  -0.01351880745725273
     c_8 = 1.3123553756261812  +0.03055747653625218  -0.037526190922436475
     c_9 = -0.00083541666807426  +0.0002259763848169485  -0.0005429090071101539
    c_10 = 0.014636147727669102  +0.00618873351003096  -0.0028932597856879717
    c_11 = -0.1487818087743316  +0.016756116069343158  -0.03205842332710593
    c_12 = 1.3139180498847742  +0.04096931309258234  -0.03204469044353364
    sigF = 0.0009181326715021317  +2.9024761001871543e-05  -2.2218418946671255e-05
RMS = 922.9885361727445 ppm
chi2 = 1273.3452179198916
BIC = -16285.189990821284
RMS2 = 0.006879131689613507
