MCMC result:

     t_s = 2.343264046611486  +0.016595277252258178  -0.013487938894915175
      fp = 0.00019627166284157433  +6.112037699548546e-05  -6.063439416784461e-05
     c_1 = -0.0002278585488865541  +2.4319960772823057e-05  -2.3849102833293525e-05
     c_2 = 1.0003043266883525  +7.581321404614982e-05  -7.564109261681828e-05
    sigF = 0.000931639174764894  +1.8615440990599652e-05  -1.829016183312797e-05
RMS = 930.1849343156728 ppm
chi2 = 1255.8623393090006
BIC = -16294.427049539398
RMS2 = 0.012872700446182349
