MCMC result:

     t_s = 2.3440399645665426  +0.017015603349331165  -0.01209789945900086
      fp = 0.0002043510877279417  +8.687987358510626e-05  -8.657300078894947e-05
     c_1 = 6.398419732442172e-05  +2.7434784192317726e-05  -2.8109179521784392e-05
     c_2 = -0.00042333685581228634  +0.00015617515928956178  -0.00015130631376719178
     c_3 = 0.000550183940545113  +0.00023385782828584233  -0.0002397875674606266
     c_4 = 0.999979854087533  +0.00013121426907991562  -0.00013123439149298477
    sigF = 0.000927387716770514  +1.8836485508960015e-05  -1.8030472986819892e-05
RMS = 925.8336250212418 ppm
chi2 = 1255.5951678778613
BIC = -16291.942616982322
RMS2 = 0.008704308799828935
