MCMC result:

     t_s = 2.356226554930196  +0.017917949581165438  -0.01392208802670325
      fp = 0.00017650352984982574  +0.00011383276336924801  -9.0765754009322e-05
     c_1 = -63593.359701411304  +1286.0403697416125  -132750.96925029426
     c_2 = 433.9324448207965  +1064.4900634963667  -339.31776824534796
     c_3 = 576.2144896612057  +888.6082275891836  -248.8282536409526
     c_4 = -0.3284264800248655  +1.8723461150387077  -2.530503933663265
     c_5 = -2.7927157542590577  +2.4603354964439155  -3.9517055700488206
     c_6 = -0.8902111889678439  +1.2814393560220219  -2.290555763270288
     c_7 = 8.723934868006745e-05  +4.020698817143223e-05  -3.805264251562193e-05
     c_8 = -0.0005690658033461187  +0.00023966871035547074  -0.00020672224244794708
     c_9 = 0.000751945950748893  +0.00034101131016290947  -0.00034238149036519235
    c_10 = 1.191794885744204  +0.029085917623103752  -0.028195202248588513
    sigF = 0.0009201810537215878  +2.350150158993982e-05  -1.986601126628283e-05
RMS = 924.7340753875684 ppm
chi2 = 1272.368329971107
BIC = -16294.82867762401
RMS2 = 0.009925084548234018
