MCMC result:

     t_s = 2.3432646025105224  +0.018059709578164274  -0.01289062677306374
      fp = 0.0002890350876019541  +8.012331108515951e-05  -8.758952649354465e-05
     c_1 = 0.7967616305820397  +0.13660207363361154  -0.1215500979895775
     c_2 = 0.016264262176854078  +0.020505740944027046  -0.007559932194458824
     c_3 = 0.17306842459121238  +0.11000502026309308  -0.1351738293431663
     c_4 = 0.013815127257051783  +0.01861297142536744  -0.0075622380450324714
     c_5 = 1.0311600469508841  +0.023812331801581488  -0.024796654499019466
    sigF = 0.0009262764392708001  +1.870977309438571e-05  -1.852896885398117e-05
RMS = 927.5843796440471 ppm
chi2 = 1263.3573526701823
BIC = -16280.063061425655
RMS2 = 0.010037610928220517
