MCMC result:

     t_s = 2.3564893352874807  +0.018998479455017314  -0.013268623732548779
      fp = 8.112307673042153e-05  +0.007913823623859246  -0.0001086913699568909
     c_1 = -0.37988156103280685  +0.5932294104138213  -0.643592561961524
     c_2 = 0.04407380425566681  +0.17267282677042028  -0.03934266856910396
     c_3 = 0.081802242052233  +0.15297885324130078  -0.19250614737131505
     c_4 = 0.1594637288854358  +0.1315678175404195  -0.07631009678603254
     c_5 = -0.3209859249578801  +0.15388806885828077  -0.26584643599424673
     c_6 = 0.1607260329033333  +0.1211737310692355  -0.09272418214910674
     c_7 = 0.7016182189447316  +0.03353171585675552  -0.08309678333070813
     c_8 = 0.06100892067088581  +0.017214001641875656  -0.10924876258144518
     c_9 = -0.28224025294696764  +0.2609295936317053  -0.0303263197922769
    c_10 = 0.0008129706861629429  +0.0015665444272465942  -0.0005108761871615592
    c_11 = 0.0048612641585058704  +0.0022393563796326774  -0.01972942264548972
    c_12 = 0.0884743435513981  +0.026355489269433097  -0.11790034605941065
    c_13 = 0.8526930438552174  +0.3056199595635226  -0.015471965064761894
    sigF = 0.0009203506864269305  +0.005109739486566668  -3.676175276121248e-05
RMS = 923.0577339037278 ppm
chi2 = 1267.3406458830884
BIC = -16277.975248843857
RMS2 = 0.009321258719188801
