MCMC result:

     t_s = 2.3242563750477467  +0.01820695988100951  -0.011743858248269401
      fp = 0.00023656237997187867  +7.630206504827199e-05  -7.656307898195987e-05
     c_1 = 4.4553644530141374e-05  +2.4501719174537768e-05  -2.4632299098348618e-05
     c_2 = -0.0002559721521483956  +0.00013743437623357386  -0.00013573590379676513
     c_3 = 0.0003018805949031837  +0.0002102769009475767  -0.0002135664803578454
     c_4 = 0.9998792766272656  +0.00011643672801597837  -0.00011729025292783746
    sigF = 0.0008260302904745609  +1.6595828318644794e-05  -1.6201865955588787e-05
RMS = 825.4751235686861 ppm
chi2 = 1257.8879359716996
BIC = -16581.315361902867
RMS2 = 0.005578438303003223
