Weighted mean E1
fp = 357.3254595160986 +/- 13.57139753521943 ppm
t_s = -0.09453235289854717 +/- 0.11980057362147242 minutes
Weighted mean E2
fp = 209.1546046046781 +/- 13.136738059165175 ppm
t_s = -1.9968784848014862 +/- 0.4321573750326838 minutes
Weighted mean E3
fp = 240.22522145124353 +/- 13.377403744264688 ppm
t_s = -2.2395720761647064 +/- 0.46279807242480453 minutes
