MCMC result:

     t_s = 2.344037411453768  +0.013332731321314295  -0.012881263364018292
      fp = 0.0004046135696112725  +0.00023431861761364584  -8.860865239358805e-05
     c_1 = 0.8992266835943555  +5.448095904928839  -18.063816992726586
     c_2 = -0.21392627696516126  +2.6657278390157666  -1.2938906646917083
     c_3 = 0.2016938802387317  +1.063961310680096  -2.588554330215788
     c_4 = 0.004101978860049555  +0.025917570325984633  -0.027924080575972825
     c_5 = -0.006555185974931429  +0.029518562125607037  -0.03201883488436434
     c_6 = 0.0024947888927129413  +0.026898128135958113  -0.017268292289107135
     c_7 = 0.003432061469042838  +0.000311711242899599  -0.0003957050517722398
     c_8 = 2.872215739839199  +0.5278250455534663  -0.6744054069011336
     c_9 = 0.9872205205660461  +0.021694746976006818  -0.027034007861003295
    c_10 = -0.007793833693684458  +0.006706741868313385  -0.004057282012046955
    c_11 = 63.99111801588989  +0.6222249663973258  -0.8418102855157414
    sigF = 0.0008042928645248579  +0.0017778997902428884  -2.096230473166321e-05
RMS = 807.3941057483412 ppm
chi2 = 1269.0385482277018
BIC = -16630.229197068697
RMS2 = 0.009478349848797949
