MCMC result:

     t_s = 2.3502177606556165  +0.017595508821701245  -0.009359964185672087
      fp = 0.00034968725702527666  +0.00017190172860073743  -0.00011824847302287374
     c_1 = 8.354165308366198  +3.740276303985976  -0.20511326538695984
     c_2 = 6.81509121776436  +2.08994519467968  -0.1563349458115053
     c_3 = -7.001818756985894  +0.16342268490293765  -2.4956124265756863
     c_4 = -0.7528832661507583  +0.6090923700322066  -0.031553398564944546
     c_5 = 1.4605817266607062  +0.06399565754546055  -1.2691700355003364
     c_6 = -0.7067902531978936  +0.6458691467118649  -0.032377011244282494
     c_7 = 0.0038545050493028234  +0.011426102108341732  -0.03262379548211643
     c_8 = 21.800567775921007  +5.803166642281188  -0.3691234615798775
     c_9 = 3.13113131656099  +0.0585470913740922  -0.10780270096891842
    c_10 = 0.00014353582250657232  +0.00020328085168246117  -8.881655990677013e-05
    c_11 = -0.0011039835946735736  +0.000831932964960712  -0.0018116105875230365
    c_12 = 0.002768202810534676  +0.00598623034289934  -0.002862056719186173
    c_13 = -0.9470766955404842  +0.020036291318024646  -0.030528073529780597
    sigF = 0.0008049300635268459  +0.00018589361960446736  -2.4193140182699694e-05
RMS = 809.8116219475077 ppm
chi2 = 1274.7357539843847
BIC = -16608.258584070165
RMS2 = 0.004929266492012923
