MCMC result:

     t_s = 2.363498912604256  +0.012975173847486143  -0.013819249030275316
      fp = 0.0003152290254542819  +8.227664245175916e-05  -8.058141281678247e-05
     c_1 = 1373.5603865382436  +42950.700928459395  -36770.90434040306
     c_2 = -118.76806923656032  +409.91523697350783  -465.7114383460772
     c_3 = 97.62273929041294  +296.5654618538823  -298.789789863711
     c_4 = -0.18048511830360076  +1.5529258935626273  -1.4153909060433727
     c_5 = 1.306575559727528  +1.7661782865498208  -3.0261979562902286
     c_6 = -1.0448299690100615  +1.875816400119659  -0.7878055949082928
     c_7 = 0.0004084297545294355  +7.677394687025471e-05  -0.0006032539539557679
     c_8 = -0.0030751121469975874  +0.004550275633819593  -0.00044967523172998597
     c_9 = 0.007415613469618063  +0.0007774410432482819  -0.010957924268026683
    c_10 = -2.0821920667027327  +3.0315063191321676  -0.11103316965002286
    sigF = 0.0008122750887332457  +1.9058977584272938e-05  -1.6784664520827952e-05
RMS = 814.8443664867725 ppm
chi2 = 1267.5673330457794
BIC = -16613.952767741514
RMS2 = 0.007967775302674637
