MCMC result:

     t_s = 2.3591945138665267  +0.013368435772915355  -0.015196174926312533
      fp = 0.0003207220486998198  +0.0001310395303120644  -9.050018809565537e-05
     c_1 = -201.2532602776987  +513.4673774590385  -462.3791263871634
     c_2 = -0.2600450292578973  +5.568525486094941  -9.437778816011935
     c_3 = 3.4578953009817237  +9.573279725564412  - 5.1454807981419
     c_4 = -0.013316043746066479  +0.04355579260954511  -0.04170060305992068
     c_5 = 0.028857802198641605  +0.061329612008209064  -0.039886899303163
     c_6 = -0.028246408424167136  +0.025080298973904736  -0.026971676829164473
     c_7 = 1.4617285374271503  +1.1483298690627861  -1.510010348112627
     c_8 = 63.588030767924124  +2.1021719790088156  -1.583067032036432
     c_9 = 0.00022553227875696233  +8.046182147454907e-05  -0.0004069040830718479
    c_10 = -0.002143192783555641  +0.004054434184926981  -0.0018284356548308625
    c_11 = 0.027476149689904764  +0.020219231417693335  -0.04934000932480745
    c_12 = -1.032228192885507  +1.6747706326330867  -0.04011010346667465
    sigF = 0.0008149375283867045  +3.2820149345622594e-05  -1.8356829074117056e-05
RMS = 815.237017231566 ppm
chi2 = 1260.6716302144505
BIC = -16598.32429865399
RMS2 = 0.009854223902935201
