MCMC result:

     t_s = 2.361154786380652  +0.013145621445754152  -0.013635346446678742
      fp = 0.00031515849629186796  +8.093609718098671e-05  -7.792111758051445e-05
     c_1 = 0.0019229891128325189  +0.0003754365184691149  -0.0003301015022101237
     c_2 = 8.181924687913511  +2.9030859625513985  -2.443796228608682
     c_3 = 1.0017526856397965  +0.023293008243420177  -0.02192214491640876
     c_4 = -0.00011865325564140396  +4.416362450048711e-05  -3.614741680097987e-05
     c_5 = 0.0009386506723933882  +0.0002286272334282635  -0.00029778122571805254
     c_6 = -0.0024500397304462757  +0.0006257383172396332  -0.00044657787825134803
     c_7 = 0.9997386450153258  +0.02338779989343931  -0.021981003919814945
     c_8 = 0.0008054472150811755  +1.6273011039124393e-05  -1.580738327224408e-05
RMS = 806.2666413564913 ppm
chi2 = 1262.0055262519409
BIC = -16619.37028181088
RMS2 = 0.005002367109972471
