MCMC result:

     t_s = 2.3474667495695054  +0.014419350944746778  -0.013972325756047344
      fp = 0.0003226050596619713  +7.960622218142454e-05  -8.03107660056704e-05
     c_1 = -20.471687803813495  +77733.69678825977  -51725.02940123691
     c_2 = 29.63491602589488  +687.5608529885029  -750.0859916691551
     c_3 = -29.424746830277797  +385.0972914749609  -564.7047554140107
     c_4 = 0.16070139435589104  +2.3299596007324817  -2.196587160020651
     c_5 = -0.5588570712968256  +2.5562067304847385  -2.55811927033577
     c_6 = 0.39785824908818146  +1.3213379526076445  -1.1237118942480269
     c_7 = 0.0021625577672530934  +0.0004940424839886721  -0.00041714336469036344
     c_8 = 6.889474820754124  +3.2876588699560516  -2.6255584130871465
     c_9 = 1.1311271337097737  +0.03261696951580695  -0.03437666486042423
    c_10 = -8.666593400320447e-05  +3.474348344061286e-05  -2.728918168797993e-05
    c_11 = 0.0006873383447243288  +0.00017403687471553636  -0.00023591043886630537
    c_12 = -0.0018114769219556219  +0.0005005086893934878  -0.00034047849895336817
    c_13 = 0.7571423817399878  +0.02245374245230103  -0.022657097479019228
    sigF = 0.0008073330102476949  +1.7327341350346784e-05  -1.640740559002811e-05
RMS = 804.1510456363804 ppm
chi2 = 1249.5086917341414
BIC = -16625.973931490764
RMS2 = 0.007507444456716339
