MCMC result:

     t_s = 2.3498684189533745  +0.01386041209878508  -0.012102833318474726
      fp = 0.00039325076437021354  +6.073504288704723e-05  -6.295358870331481e-05
     c_1 = 5.092782127876125e-05  +2.9109003662029307e-06  -2.832739367857489e-06
     c_2 = 2.8734218662588353  +0.3846196056756508  -0.35441139971835245
     c_3 = 0.015250779269401878  +0.0004890256434292618  -0.0003816901962686095
     c_4 = -0.00732505547262533  +0.0031857824604584273  -0.0028470677899750446
     c_5 = 65.54622351294903  +1.6277251984248124  -1.9753251452306273
    sigF = 0.0008083400662588509  +1.676214890512632e-05  -1.5872355550808196e-05
RMS = 809.2721725256163 ppm
chi2 = 1262.196899747444
BIC = -16624.422003288793
