MCMC result:

     t_s = 2.353837417693118  +0.013621238912446376  -0.013041076622560155
      fp = 0.0003372942260566253  +5.878540512096157e-05  -5.936099181991857e-05
     c_1 = -2.5724076452280684  +63241.39594860096  -73672.30089516568
     c_2 = -6.389941025254419  +836.6370086891741  -633.6379600587137
     c_3 = 6.525492587736043  +428.07350939766724  -528.0972433662946
     c_4 = 0.7233170877339714  +2.1655761058799317  -2.382012562652389
     c_5 = -1.4045958036658905  +2.3074510744156838  -2.5406152714541657
     c_6 = 0.6804574248204798  +1.2135143668648027  -1.130463461237509
     c_7 = 0.0032785998747512667  +0.0002020955626869385  -0.00020261867098205887
     c_8 = 2.12042817557747  +0.18590679722246106  -0.1668534260868737
     c_9 = 0.9432017891049531  +0.027181257252454905  -0.025272582015363643
    sigF = 0.0008016404863517826  +1.6786232518578147e-05  -1.662227185314372e-05
RMS = 808.2095055501642 ppm
chi2 = 1280.1725923960828
BIC = -16641.697017001978
RMS2 = 0.008773564036316047
