MCMC result:

     t_s = 2.3631053203539776  +0.013524967011404154  -0.013923420561075872
      fp = 0.0003161154796483127  +7.945038450521213e-05  -7.673806762629218e-05
     c_1 = 0.0017507130709273218  +0.0003849972263218306  -0.00033169576914869603
     c_2 = 7.221383319000835  +2.8252962193019657  -2.2152497844139063
     c_3 = 0.9388149032736908  +0.04650970982244129  -0.0461909901520654
     c_4 = -0.00012457379359752434  +4.2607652381754704e-05  -3.602689503908279e-05
     c_5 = 0.0009969051500975643  +0.00023029360909296553  -0.00027887906699916706
     c_6 = -0.0026160916414551356  +0.0005691066212366554  -0.00044740033437239016
     c_7 = 1.0667472905294617  +0.04957256764792639  -0.04645032447149944
    sigF = 0.0008021905830946257  +1.7070435767104473e-05  -1.6200376173698813e-05
RMS = 806.1897105833319 ppm
chi2 = 1272.017534040977
BIC = -16619.567941698268
RMS2 = 0.004496556508990729
