MCMC result:

     t_s = 2.3678256387449834  +0.011977708458942526  -0.015422366157388012
      fp = 0.0003521824642357703  +0.0026870331873898247  -9.846341128302806e-05
     c_1 = -0.0011669282110815962  +2.0564502428915894  -0.004647621508706775
     c_2 = 0.033815288854313584  +64.4764165100837  -0.06597843006597007
     c_3 = -0.005288203499577283  +0.003343214174581645  -7.331704128717794
     c_4 = 0.08445413257438404  +42.62006470611571  -0.0938099377349059
     c_5 = 0.9041139018397046  +1.2237340267633552  -53.23471367628225
     c_6 = 29.63959650264138  +15.202284801779602  -19.77557511231479
    sigF = 0.0008200862182152097  +0.5293925808302349  -2.0352986827474728e-05
RMS = 818.1741490310021 ppm
chi2 = 1253.6763423103773
BIC = -16589.44857394234
RMS2 = 0.009573713366976003
