MCMC result:

     t_s = 2.355107851500271  +0.01472847586591497  -0.012914786082193874
      fp = 0.00038939715360399485  +6.127186588598672e-05  -6.727273155666063e-05
     c_1 = 4.6617780504688025e-05  +4.714266500943183e-06  -4.29133838318969e-06
     c_2 = 2.7068727151108747  +0.4215557123068612  -0.34953753443486146
     c_3 = 0.01401279093644354  +0.0010171049290054364  -0.001129946194664895
     c_4 = -0.006909441573556019  +0.0030704581596168448  -0.0030027891917222375
     c_5 = 71.33419972022843  +4.936006101264105  -3.874460613023871
    sigF = 0.0008082548506246086  +1.856162177386509e-05  -1.63508756426202e-05
RMS = 809.2403169716359 ppm
chi2 = 1262.394159077026
BIC = -16624.490417686433
RMS2 = 0.007420107748937417
