MCMC result:

     t_s = 2.3516738153181245  +0.013596218987209419  -0.012346366835416234
      fp = 0.0003921118811305015  +5.9574176873783695e-05  -6.106022281046641e-05
     c_1 = 0.9996186568147779  +0.00011307048784747753  -0.00012445075560529872
     c_2 = 0.00010717988935901778  +4.283796541889912e-05  -4.7254889416791104e-05
     c_3 = 0.003320590954562985  +0.00016276820574294415  -0.0001617806793756298
     c_4 = 2.786865103285596  +0.38033704127576806  -0.34713208253401673
    sigF = 0.0008095758414472087  +1.6333816442496937e-05  -1.5873141818949395e-05
RMS = 809.2247293653688 ppm
chi2 = 1258.2200389658146
BIC = -16631.688143999214
RMS2 = 0.0077476189885103295
