MCMC result:

     t_s = 2.3639720227350267  +0.012263932672781586  -0.01430345016182022
      fp = 0.0003392453117115223  +7.711497039046837e-05  -7.713933277292439e-05
     c_1 = -0.00023014272610047499  +2.4817667293955094e-05  -2.4775021603304207e-05
     c_2 = 0.0016926563548700275  +0.00013745707802254275  -0.00013766819882228922
     c_3 = -0.003946951506184123  +0.00021151677407554295  -0.00021084121251111008
     c_4 = 1.002279224651203  +0.00011736636533510314  -0.00011690296610389339
    sigF = 0.0008176102524141247  +1.6635448888869522e-05  -1.6017181278037617e-05
RMS = 818.8262357520263 ppm
chi2 = 1263.2670225799102
BIC = -16601.75540176943
RMS2 = 0.010302251425827103
