MCMC result:

     t_s = 2.3546070221245023  +0.025166346934278216  -0.015596052976317942
      fp = 0.00044316427582192304  +0.31367711154908723  -0.02013252699075669
     c_1 = -3.7427484284767454  +0.9140225599799409  -3.833014021033326
     c_2 = 1.65155244176094  +0.2323065757732522  -0.5509426823045832
     c_3 = 1.1757864681089845  +2.652391814693432  -1.2673632142401117
     c_4 = 0.18999300243766223  +0.4789110192316855  -0.861907300801973
     c_5 = -0.10489258333409152  +2.4756466751299975  -0.6229505215233544
     c_6 = 0.23074677899141902  +0.4790928316314348  -1.7524295405168715
     c_7 = 0.00018562939204934555  +0.0920779049350502  -0.004557986821055838
     c_8 = 0.00014742834421024279  +0.10074627660344304  -0.01870239411248108
     c_9 = 6.077518174062839e-07  +0.0014361685821226622  -0.04822888854924556
    c_10 = 3.4605525038734792  +1.2235444782375526  -0.9644851752840052
    sigF = 0.0008133917548398803  +0.1127715011240176  -0.02569191683127539
RMS = 812.982463783256 ppm
chi2 = 1258.0020143737277
BIC = -16620.056123659735
RMS2 = 0.012154127726286828
