MCMC result:

     t_s = 2.3526703729142135  +0.019475413129331987  -0.008706885152255595
      fp = 0.0003854498736000058  +0.00012198478738368755  -0.00015607941291961402
     c_1 = 0.1373935102735685  +4.644470461474286  -164.82177570606862
     c_2 = -1.2291969418172002  +178.852745433997  -6.955715651882871
     c_3 = 1.28585312310478  +41.01659645767331  -3.5922499117963396
     c_4 = 0.10235635416260322  +1.330404087941715  -29.508192811893977
     c_5 = -0.19629324952484153  +53.45210099078339  -4.92053117783975
     c_6 = 0.09354546349488503  +5.083461045553755  -24.967371815191836
     c_7 = 1.0028376727023323  +1.0066204384113813  -0.0004256044101362381
     c_8 = 0.00010424472283328804  +0.0025281961035956593  -0.0005731752091330917
     c_9 = 0.0035191627775309734  +0.0034411584518730313  -0.00042369459789963634
    c_10 = 2.8109680916546864  +2.5394025616571474  -0.002637257734186256
    sigF = 0.0008083363417090011  +4.4772715075027184e-05  -9.440555924899736e-05
RMS = 807.2137608783423 ppm
chi2 = 1255.8289253347102
BIC = -16637.94045601166
RMS2 = 0.008122837479438245
