MCMC result:

     t_s = 2.35251054373117  +0.014349910286115541  -0.012118902251915031
      fp = 0.0003800991139642626  +6.472358798566372e-05  -6.0932287546966413e-05
     c_1 = 0.5355199009495941  +1251.6474214609723  -1304.4492213998124
     c_2 = 0.27437114312298483  +13.811390439926365  -12.886182793921424
     c_3 = -0.28379350076135  +8.737369474845892  -8.611032900154346
     c_4 = -0.0017179137578126856  +0.03785573463536244  -0.039567470280864846
     c_5 = 0.0012752850022199336  +0.041874372052029804  -0.04324556642753934
     c_6 = 0.00048457709838338296  +0.02007182025155553  -0.019585537465793727
     c_7 = 0.003549764418007733  +0.0002526734144552207  -0.00024122807405250806
     c_8 = 2.7691783792182574  +0.3699986553072274  -0.34029254560841915
     c_9 = 1.0421076555842395  +0.03438147997198415  -0.03370472563506044
    c_10 = -0.006786919403081062  +0.002996521859655114  -0.002803761082092973
    c_11 = 64.0954619191904  +2.132415527179006  -2.1239487734174034
    sigF = 0.0008074208134847324  +1.6879686817121648e-05  -1.606961368066104e-05
RMS = 807.2755424993878 ppm
chi2 = 1258.9002256367364
BIC = -16630.58607847321
RMS2 = 0.009301859099935665
