MCMC result:

     t_s = 2.3435756478132888  +0.01909900106743878  -0.007407972792160322
      fp = 0.0002308313399488503  +0.00012566461886182674  -0.00010423751059796991
     c_1 = 0.12346778254051877  +0.128303052118075  -0.1529083818838976
     c_2 = -0.18530639598847623  +0.03500121188551884  -0.0417948249608841
     c_3 = 0.22021013841390727  +0.03466009590343286  -0.03324411241612732
     c_4 = -0.056253988059304476  +0.021015767157699462  -0.024165734724403892
     c_5 = 0.11428975308520792  +0.048733551652279855  -0.042405698782921865
     c_6 = -0.058269910694170576  +0.021377264929751377  -0.024568375863665046
     c_7 = 0.8985125142778002  +0.06477397825250697  -0.06146779270392255
     c_8 = -0.0470923312877523  +0.012722849951695914  -0.013377031388637467
     c_9 = 0.1470956251727063  +0.05576285565819837  -0.06854516705457281
    c_10 = 6.108794752772163e-05  +3.851394192190807e-05  -3.957593457330899e-05
    c_11 = 0.00034796825999872745  +0.0006521308265570457  -0.0004336691983584188
    c_12 = -0.04675349210059983  +0.015053777979220483  -0.01551475409266214
    c_13 = 1.1710152649507983  +0.01803596774761096  -0.017931354609038497
    sigF = 0.0009242316596537865  +2.6668494500689402e-05  -2.337226943280855e-05
RMS = 925.0933553676515 ppm
chi2 = 1262.2519316419275
BIC = -16272.459864022934
RMS2 = 0.011069363132490597
