MCMC result:

     t_s = 2.34339355005295  +0.018361365626121007  -0.012955040312179644
      fp = 0.00024289949238540855  +9.367375524282963e-05  -9.064763001293966e-05
     c_1 = 0.8383157085328324  +0.12602977754713884  -0.19222261405996288
     c_2 = 0.01682591612174525  +0.01156041054857548  -0.008306735562876002
     c_3 = 0.15959101806734624  +0.18616053265236238  -0.12834666647608553
     c_4 = 6.208902459861474e-05  +3.098182821338231e-05  -3.127551872449445e-05
     c_5 = -0.00034212421060637876  +0.00017888979527748108  -0.00018184369373162954
     c_6 = 0.014721556041325082  +0.010322370742335591  -0.008259631475657454
     c_7 = 1.0020561014406446  +0.015794281329349014  -0.018063724244075874
    sigF = 0.0009174994571412287  +1.9796508418549325e-05  -2.2506140006226384e-05
RMS = 925.8746607078208 ppm
chi2 = 1282.8552119901892
BIC = -16270.279713673026
RMS2 = 0.009499441927609141
