MCMC result:

     t_s = 2.342298528044461  +0.017869427911362035  -0.0150085674505811
      fp = 0.00016656399457297917  +7.152107208227259e-05  -6.700602521673329e-05
     c_1 = -53583.225022765924  +5319.006500671096  -11094.173526594996
     c_2 = 85.68326285540189  +148.1860993562157  -319.18858108585397
     c_3 = 766.562397045532  +475.2830855672346  -109.57024079815614
     c_4 = 0.9979955134279087  +1.987166958670287  -1.6307673297671976
     c_5 = -2.685528608609145  +2.664379513657387  -2.838796056153818
     c_6 = -1.7011463892343635  +1.5827473067025408  -1.7838594081840884
     c_7 = 1.4187962280985313  +2.2337924554332336  -0.7695667829811284
     c_8 = 0.00014949847020503135  +0.0003387778955563932  -0.00012025954654550174
     c_9 = -0.43020090229526975  +0.768876692827606  -2.2319434889920378
    sigF = 0.000920667318174869  +1.9245175109953864e-05  -1.8978701801016396e-05
RMS = 928.9483717282451 ppm
chi2 = 1282.5411680390825
BIC = -16290.463378599286
RMS2 = 0.01537165325455822
