MCMC result:

     t_s = 2.343142277292462  +0.017099657340541974  -0.01369810772783886
      fp = 0.00018164539202307977  +6.560134527981156e-05  -6.090272633697911e-05
     c_1 = -81678.3788861705  +25249.97322947055  -139086.5184436763
     c_2 = 663.5220094404388  +1218.9769419185336  -544.640884313511
     c_3 = 633.4764412643374  +940.0457130378409  -502.1651418820768
     c_4 = -1.3147426697250157  +2.603337418273648  -2.8182727327950614
     c_5 = -2.638892353967333  +3.2129862208430735  -4.539739973349783
     c_6 = -1.1951697140243824  +1.668200775121051  -2.226554673888971
     c_7 = 0.9969469531491014  +0.023709987559444423  -0.02071564099716916
     c_8 = 0.0002810569010309748  +3.465102599607635e-05  -3.05718677535893e-05
     c_9 = -0.0013008483958324294  +0.0003465715273269365  -0.0003988358113239149
    c_10 = 10.580435301088489  +8.976856556670384  -5.43572878997597
    sigF = 0.0009125101421270374  +1.9213864045942238e-05  -1.880657277022926e-05
RMS = 920.623401318525 ppm
chi2 = 1282.446376763116
BIC = -16305.846176169527
RMS2 = 0.007561350713553359
