MCMC result:

     t_s = 2.342476336462304  +0.016653200838280036  -0.01241366494939422
      fp = 0.0002490924600048821  +9.289990604513268e-05  -8.632095018683124e-05
     c_1 = -0.009214691773780695  +0.013402045678554082  -0.01612798987153148
     c_2 = 1.010867009111491  +0.02594224900492592  -0.02923556026143781
     c_3 = 4.974822579667156e-05  +3.057225841550997e-05  -3.0130068971204546e-05
     c_4 = -0.00026680989067558164  +0.00029319420273353  -0.00020631576081283877
     c_5 = 0.009483693439472687  +0.015649318067363856  -0.0142857946828562
     c_6 = 0.9892031209802187  +0.030232820084417744  -0.0253878967622041
    sigF = 0.000927489703764031  +1.8119372199736127e-05  -1.8829165225511487e-05
RMS = 925.8557742970944 ppm
chi2 = 1255.300683223691
BIC = -16277.682252587298
RMS2 = 0.008631879418395914
