MCMC result:

     t_s = 2.3434304696920796  +0.01794724768432676  -0.013102853487934052
      fp = 0.00025064733872426365  +0.00010263234773147015  -9.663511799038024e-05
     c_1 = 0.4455100396705824  +0.20973027592583693  -0.30236483765696476
     c_2 = -0.06317711602887766  +0.44516579184955457  -0.3734576001552406
     c_3 = 0.09247304609936025  +0.43530208145831606  -0.45420015800405944
     c_4 = -0.003914566589818003  +0.0774283142730007  -0.09256132011070448
     c_5 = 0.008215819242837763  +0.16846216653666582  -0.15451822911316226
     c_6 = -0.004502964391302558  +0.09857240631786832  -0.0622024603634129
     c_7 = 0.8042955615069256  +0.07868817367788106  -0.08728784127860378
     c_8 = 0.017123263318299744  +0.005926165450495322  -0.006459734820187116
     c_9 = 0.2272477637370406  +0.07098767889012822  -0.10060907305354054
    c_10 = 0.01389295256501727  +0.004128603976083041  -0.005738102953992507
    c_11 = 1.0394063618657814  +0.018629456059155336  -0.0151061131415402
    sigF = 0.0009289940857405701  +2.9314635231171928e-05  -2.449800271121761e-05
RMS = 926.6580963150324 ppm
chi2 = 1253.3326035376963
BIC = -16282.705087758657
RMS2 = 0.008945020881811499
