MCMC result:

     t_s = 2.3235012332503557  +0.017172083695571327  -0.013119661053023535
      fp = 0.00020867920098521447  +9.195365910896378e-05  -8.117041169635584e-05
     c_1 = 0.3259627336096035  +0.09511685810216758  -0.0813020184385577
     c_2 = 0.008134396727916656  +0.014350575092012619  -0.009909406829175875
     c_3 = 0.691178367911484  +0.08207288333750573  -0.09850576560618785
     c_4 = 6.444571024154662e-05  +2.779088354549251e-05  -2.6869422418390417e-05
     c_5 = -0.0003693504363257055  +0.00014900945715598852  -0.0001564629620921604
     c_6 = 0.00301665075958754  +0.00424880907355869  -0.002946761118034184
     c_7 = 0.9830086495787866  +0.014836054085606065  -0.01515379526802585
    sigF = 0.0008292597456011444  +1.8237068019741364e-05  -1.8924475991386955e-05
RMS = 825.438943968668 ppm
chi2 = 1248.0513119604068
BIC = -16559.90238034433
RMS2 = 0.00643703446473311
