MCMC result:

     t_s = 2.3343369628730857  +0.021977377889209837  -0.010344711139130602
      fp = 0.0003028038168894297  +8.565792251582919e-05  -8.643229269449289e-05
     c_1 = -1.5337218384093423  +0.5904561244842127  -0.4483697786494222
     c_2 = 0.020217071466251624  +0.11370000564819238  -0.0875057114664203
     c_3 = 0.039092950943075494  +0.08564560462666368  -0.10415914729879525
     c_4 = -0.6720196417273756  +0.22081847637328594  -0.1590453467442716
     c_5 = 1.3435818888028226  +0.3177015361291268  -0.3052973436699314
     c_6 = -0.6718795185988953  +0.14988965710298252  -0.2287494310187993
     c_7 = 0.5116743556140696  +0.09227341230652752  -0.09347108744766136
     c_8 = -0.02460158427608458  +0.013777913936345688  -0.011036461496784302
     c_9 = 0.47234682494374775  +0.07223285100128862  -0.08721424583340343
    c_10 = -0.014355279160800712  +0.00615855668743658  -0.007742121209563512
    c_11 = 1.1174428936569443  +0.01999850287074878  -0.017529382632894386
    sigF = 0.0008414069629931214  +2.8781600110685504e-05  -2.3156933723471025e-05
RMS = 826.3933446573906 ppm
chi2 = 1214.9296325141288
BIC = -16570.65591210606
RMS2 = 0.006290845739471316
