MCMC result:

     t_s = 2.353920850721415  +0.023975561620428465  -0.015713114465203404
      fp = 0.0002550135683956917  +9.66749334989229e-05  -0.00013177196417471268
     c_1 = 44.56201971097679  +1.7580895587161727  -7.695359484678162
     c_2 = -24.460866465769136  +3.5238755454484756  -1.0515301861899573
     c_3 = 23.8029892155267  +0.9070007637619886  -3.5177395499099107
     c_4 = -0.8843578598497892  +0.6710717150648606  -2.2963578091886054
     c_5 = 1.9630156782068546  +4.705916487521965  -1.2175410399235274
     c_6 = -1.0761082178955563  +0.8482978045244386  -2.346195223925071
     c_7 = -0.00016421817496860145  +0.2361723965169647  -0.0008861332809930272
     c_8 = 2.8786894131425216  +0.21457270914485624  -0.10165919512987481
     c_9 = 0.4646110562070881  +0.00910855329951138  -0.013937359322006349
    c_10 = 0.00014283535327202482  +0.027201981226439288  -0.0002818850462313601
    sigF = 0.0008175532717356892  +0.0002213697935240594  -2.1249645525533512e-05
RMS = 826.0515291242607 ppm
chi2 = 1286.3627465073496
BIC = -16578.835307138503
RMS2 = 0.00913200499442458
