MCMC result:

     t_s = 2.327823719724754  +0.018495639266387087  -0.011944700853938617
      fp = 0.00019061639789782808  +8.482436020567003e-05  -8.283960174220564e-05
     c_1 = 228322.68608555483  +190876.23523129526  -642.1600780291337
     c_2 = -1343.8622616887099  +666.9215041556212  -1468.773458424227
     c_3 = -2289.6874482525095  +503.8790907465818  -1199.6486982826614
     c_4 = -0.35008809664420765  +2.804295712792695  -4.237921371550748
     c_5 = 11.392622864538174  +5.55466385045257  -4.554593613668322
     c_6 = 3.413724929759967  +2.642384034766163  -1.932225659222508
     c_7 = 4.494502101540962e-05  +1.7660732480666518e-05  -1.7538625456267308e-05
     c_8 = -0.0002567254171896126  +9.979474217161751e-05  -9.992141061364041e-05
     c_9 = 0.0003170963068357119  +0.0001588652723653655  -0.00015544876145142427
    c_10 = 0.6822364971710214  +0.01688568494609055  -0.014443052234548892
    sigF = 0.000821363836212784  +1.691132526261891e-05  -1.6288356964253665e-05
RMS = 823.9034359143917 ppm
chi2 = 1267.6254822131436
BIC = -16585.85429753193
RMS2 = 0.00973534439656984
