MCMC result:

     t_s = 2.3245026320898243  +0.01909013084553246  -0.01147947351953027
      fp = 0.0001987304677704459  +7.545426280189434e-05  -8.065762558783334e-05
     c_1 = -0.012580950041504451  +0.014292910612911864  -0.011402423424800079
     c_2 = 1.018361149261744  +0.026072783304781688  -0.021661720183734468
     c_3 = 6.407826832413019e-05  +2.540957362999641e-05  -2.585212196386944e-05
     c_4 = -0.00019663617574522746  +0.00022735477118097577  -0.00017713478908754928
     c_5 = 0.012547456145757915  +0.010917786709635405  -0.014954046547710148
     c_6 = 0.9818412775323913  +0.02226837627356759  -0.02555972158157982
    sigF = 0.0008255109298318765  +1.6044862414449422e-05  -1.6645786117085084e-05
RMS = 825.4572237168177 ppm
chi2 = 1259.5495615859063
BIC = -16566.960932590977
RMS2 = 0.007603068814352579
