MCMC result:

     t_s = 2.323353882400818  +0.01799842006276897  -0.011699013199242714
      fp = 0.0002787759193189447  +5.442928455345067e-05  -5.512925257946161e-05
     c_1 = 0.5202747034072548  +2.0681254855960995  -0.21496289703058916
     c_2 = 0.0001764227142003564  +0.0024433523074625387  -0.0002961589520668614
     c_3 = 0.4797072071658882  +0.21500934404653893  -2.0680904709989543
    sigF = 0.0008250239749272797  +1.702439730703637e-05  -1.6082354396409625e-05
RMS = 827.1968090387633 ppm
chi2 = 1266.2064555882553
BIC = -16583.207583477568
RMS2 = 0.006686019853068922
