MCMC result:

     t_s = 2.324345888777182  +0.017361686217843175  -0.014148298627890021
      fp = 0.00025596457957290255  +6.233969678260418e-05  -5.498933616737554e-05
     c_1 = 1.0479772630784343  +0.32091001888848747  -0.34224830733674394
     c_2 = -0.0003293269669427706  +0.00401761287088743  -0.004360566263082232
     c_3 = -0.04799803531595613  +0.34216766642521906  -0.32109951972709944
     c_4 = -0.008853702122369113  +0.0039537491855031895  -0.004208658376012525
    sigF = 0.0008290324474087395  +1.6595470647264433e-05  -1.5772119697026756e-05
RMS = 827.2574950025673 ppm
chi2 = 1254.1553210642157
BIC = -16575.90579313533
RMS2 = 0.007936207579089834
