MCMC result:

     t_s = 2.3235191558831376  +0.018636727729082203  -0.012843670880561486
      fp = 0.0003099452466113562  +6.0450270028372525e-05  -6.01081010218648e-05
     c_1 = -1432.5971375017543  +1260.1649092442485  -2751.0117963125613
     c_2 = 389.08739802377727  +616.9084908118368  -316.3301721457541
     c_3 = -366.1894259139327  +296.9682595632628  -577.205252094858
     c_4 = -2.8821534313841304  +2.4807818098492183  -3.0708872113028414
     c_5 = 2.6674253160190737  +2.7344909476629313  -2.685385843646035
     c_6 = 0.123305624488241  +1.8334355211327267  -1.7750095267043926
     c_7 = -0.13713369330766617  +0.08763127333318049  -0.44336283740999993
     c_8 = -0.0005126665555101235  +0.0005504227745714552  -0.0033417459104983236
     c_9 = 0.9984998894935644  +0.4394378116681329  -0.08887706240354443
    sigF = 0.0008280404813889156  +1.8805626418229564e-05  -1.7685160679450896e-05
RMS = 825.9959827162052 ppm
chi2 = 1253.226682120243
BIC = -16586.990371683725
RMS2 = 0.006139282856303104
