MCMC result:

     t_s = 2.3251430381579614  +0.014842661045274763  -0.02098777068756208
      fp = 0.00021414640265914848  +0.00010829209532949499  -0.00010316251378401006
     c_1 = 0.24114025963949814  +0.15827872272959853  -0.12304504625533197
     c_2 = -0.888880794816364  +0.712215656551549  -0.28604975533691
     c_3 = 0.9165355737590974  +0.2923488531584264  -0.5531155018374824
     c_4 = -0.2461265352356039  +0.09971398001385649  -0.13869676528133304
     c_5 = 0.49914772676565494  +0.22569671159341448  -0.20454686325381338
     c_6 = -0.2531968200099274  +0.10481130516895393  -0.10851973489751682
     c_7 = 0.36018109304365675  +0.023182137319295804  -0.08282700909513713
     c_8 = -0.18298449949762913  +0.023254237786687754  -0.01793589270888643
     c_9 = 0.6698561266059163  +0.057036954369528714  -0.028242916687439168
    c_10 = 0.00022422079570335614  +9.110993261604708e-05  -7.973870133298262e-05
    c_11 = -0.0021448288257822907  +0.00048169420400106513  -0.0005529745319110741
    c_12 = -0.06551417284268173  +0.013666799914376929  -0.011296464175414425
    c_13 = 1.0293824803156693  +0.015235186749427587  -0.01758063306171387
    sigF = 0.0008398786232409798  +6.314448180512792e-05  -2.522088088763785e-05
RMS = 824.9229482128416 ppm
chi2 = 1215.3917014223632
BIC = -16560.497623805313
RMS2 = 0.00842835337313224
