MCMC result:

     t_s = 2.323533471843405  +0.019932301239492745  -0.011994987786480227
      fp = 0.00029161529063350555  +6.764051685139507e-05  -5.3973419458038066e-05
     c_1 = 0.5838428063652709  +0.13384546824914673  -0.1599608719220973
     c_2 = -0.0036224056937268984  +0.011084980750036146  -0.009107244491325144
     c_3 = 0.41341435249161096  +0.16119133250353124  -0.13199487773688412
     c_4 = -0.002203009010736005  +0.0026819630155394936  -0.0032903200954248505
     c_5 = 1.0026872003565526  +0.020243517805020428  -0.018048097282930886
    sigF = 0.0008294017280722713  +1.8608782886412093e-05  -1.8582700081953298e-05
RMS = 827.1983862244952 ppm
chi2 = 1252.8267280132725
BIC = -16568.973271102874
RMS2 = 0.00849817090849173
