MCMC result:

     t_s = 2.3538780524004044  +0.01825499488493465  -0.017343579718651636
      fp = 0.000144329108864426  +9.692592331069812e-05  -9.04904422755203e-05
     c_1 = -14.086022134129237  +20.94621232113409  -6.275050244063614
     c_2 = -8.170318314888421  +3.005962308867651  -5.502639578630247
     c_3 = 8.426447210060344  +5.522320050422979  -3.199901905535635
     c_4 = -1.3899616646058703  +0.45464730267406206  -1.4207556479450003
     c_5 = 2.8444104104881314  +2.8540387517439143  -0.8932857310358946
     c_6 = -1.4555248978040396  +0.44158627420662283  -1.4425276678083503
     c_7 = -0.06514600157847586  +0.008731892894713815  -0.008117230523420275
     c_8 = 1.0083924255021866  +0.022944635429218763  -0.019827662502239995
     c_9 = 0.00047643862428730087  +0.00013047235752779645  -0.00010337204486952575
    c_10 = 0.0029340027976720072  +0.0005366517894759139  -0.0005704054157077349
    c_11 = 0.05867585870384083  +0.006012088721443758  -0.007302419041062144
    c_12 = 0.895966849013155  +0.019327130752132438  -0.017471953608757307
    sigF = 0.0008119363512340259  +2.717103725558218e-05  -2.128531122370383e-05
RMS = 823.594999600098 ppm
chi2 = 1296.1674935453707
BIC = -16572.125990712826
RMS2 = 0.005282852955485891
