MCMC result:

     t_s = 2.2778170852557573  +0.024052985645903302  -0.020735978061823257
      fp = 0.0002938005354819615  +4.3158823706420356e-05  -4.535728969355478e-05
     c_1 = -2.310025331710686  +0.6853756463187768  -2.139949336953978
     c_2 = -5.9383286926688506  +0.9856760952575119  -2.3042837825234583
     c_3 = 6.067210725702264  +2.3495832665044345  -1.001260222218023
     c_4 = 0.7805266712833397  +0.06571277623570704  -0.07839899374137782
     c_5 = -1.523247360113019  +0.17306520085818944  -0.13885181791314816
     c_6 = 0.7419386674219632  +0.07320642889999895  -0.0953437129820971
     c_7 = 0.0031392516062229646  +0.0002279442422697701  -0.0002182617768133649
     c_8 = 1.9653074130930355  +0.19203172494888898  -0.17024053509529713
     c_9 = 0.9288749982887846  +0.019758892900068492  -0.01827374287310679
    c_10 = 44.71523523416094  +2.688516926189706  -0.8007308638870896
    c_11 = -24.447138459079206  +0.09929891402477153  -0.12125650623037743
    c_12 = 23.931592745155225  +0.12670507183107915  -0.10643033171407268
    c_13 = -0.9937319948467362  +1.333668137758078  -0.4207942792862731
    c_14 = 2.1892656022637604  +0.8452853312726258  -2.678278525624391
    c_15 = -1.19414412350515  +1.3446980840181597  -0.42448687305091004
    c_16 = -0.0003414125511600654  +0.00011141421008568317  -0.0001059431940578214
    c_17 = 3.2884488932225584  +1.26668580063378  -0.5203115756891443
    c_18 = 0.4815523245775383  +0.009745108339171804  -0.010776865449478312
    c_19 = 0.00028465585632869315  +4.496036164294815e-05  -3.576032078374784e-05
    c_20 = -1431.7284714881007  +1.7494599945068785  -3.944096023640668
    c_21 = 389.64562567062654  +1.0217109645207643  -2.2345928412261173
    c_22 = -366.75826152431597  +2.3004118765703083  -1.0503479051481008
    c_23 = -2.7267392771590444  +0.984605392445419  -0.4157254745225756
    c_24 = 2.352171546064886  +0.8295831716051421  -1.958721432670881
    c_25 = 0.28317369017314664  +0.9746227862706073  -0.4125204513533605
    c_26 = -0.28828364764105185  +0.10129067426865984  -0.3249451913409602
    c_27 = -0.0002654167154003673  +0.00032971673793240916  -0.0012081203371262722
    c_28 = 1.1618804226346295  +0.32700801702457505  -0.10196321498149896
    sigF = 0.000852235703147591  +1.3997604202265661e-05  -1.3701316514784078e-05
RMS = 853.2870278662377 ppm
chi2 = 3790.1678679585293
BIC = -49385.88478825348
RMS2 = 0.012245469395884206
