MCMC result:

     t_s = 2.2878996715261186  +0.017063755702322325  -0.016781089640371505
      fp = 0.0002650760441748253  +3.292532739826063e-05  -3.459096350021134e-05
     c_1 = 0.0035195976487543655  +0.00015223016513447873  -0.00014566405451326607
     c_2 = 2.0649261737528786  +0.161990976430344  -0.15915871017895267
     c_3 = 0.9993664643218203  +3.657967153380959e-05  -3.6806689758805966e-05
     c_4 = 0.7931758239432235  +0.9737457726583314  -0.48954845965089344
     c_5 = 0.00028176255386267904  +0.00032383818305297383  -0.00013684463708496872
     c_6 = 0.20706873927518615  +0.48960687301515415  -0.9737392668598822
     c_7 = 0.0637291774041382  +0.45817920806336176  -0.13213937481574062
     c_8 = 0.0015556758405141193  +0.0012533645850998174  -0.0003454885374890425
     c_9 = 0.9372273625802439  +0.13211691190891095  -0.45813689137803615
    sigF = 0.000858806067114208  +9.68509940221969e-06  -9.51077699626237e-06
