MCMC result:

     t_s = 2.288301139031167  +0.015065785835576051  -0.016811247431943066
      fp = 0.00029232432639990044  +3.5304674004619314e-05  -3.502687869091372e-05
     c_1 = 0.0034925381517028346  +0.0001507965318963962  -0.0001392872582348056
     c_2 = 2.096291769571994  +0.17243092997913578  -0.15383318349921238
     c_3 = 0.9993626321000071  +3.831633798156986e-05  -4.024473524955052e-05
     c_4 = 0.9081909487389102  +1.1615815779551864  -0.4902845979466962
     c_5 = 0.0002328404511648997  +0.0002697491401744463  -0.00013269367777244404
     c_6 = 0.09200955280340994  +0.4902513289298343  -1.1616316697913909
     c_7 = 0.15696894141930007  +0.590985734294961  -0.14467340391850794
     c_8 = 0.0005345560152387899  +0.0012436204190988923  -0.00032963348361753883
     c_9 = 0.8439339986778365  +0.1446702683382206  -0.5910432205677115
    sigF = 0.0008589736818840723  +1.0318289171392932e-05  -9.585439791296368e-06
