MCMC result:

     t_s = 2.2831668837023456  +0.015496318218180871  -0.017248347842887757
      fp = 0.00028772800438750567  +3.278370711251984e-05  -3.265848076788657e-05
     c_1 = 0.0034818836808606264  +0.00014668734083275476  -0.00014046683343482778
     c_2 = 2.084655151974435  +0.17233093363051033  -0.15434977914169412
     c_3 = 0.9993598350864715  +3.787517919351391e-05  -3.956059321719163e-05
     c_4 = 0.7373987872497543  +3.044489277719383  -0.807083871398334
     c_5 = 0.00030489546774143376  +0.0006519096275635915  -0.00015618790795256975
     c_6 = 0.2628320962834447  +0.8070587047189657  -3.0444829710019734
     c_7 = 0.33983778035282197  +4.021759872134847  -0.4282193674328449
     c_8 = 0.00028711806110223243  +0.0011188595310584353  -0.00015623687223323556
     c_9 =  0.6611019557645  +0.42822457361502664  -4.0216831636017005
    sigF = 0.0008552064024674661  +1.033863672581306e-05  -9.702800127790517e-06
