MCMC result:

     t_s = 2.2840699031857015  +0.016121414667187306  -0.017498560892597936
      fp = 0.0002821004349741118  +3.424886234872147e-05  -3.331302196407578e-05
     c_1 = 0.0034301126300667444  +0.00014468105113903248  -0.00014001325027527883
     c_2 = 2.0285166194834243  +0.1597117193698212  -0.1556306464015822
     c_3 = 0.9993698964979745  +3.86232782225715e-05  -3.923052886933842e-05
     c_4 = 2.49278375864204  +3.0602787099012745  -0.6132230550609223
     c_5 = 9.002631737167447e-05  +0.0010137131923972664  -0.0002297058116058368
     c_6 = -1.4925466969049936  +0.6132647332478657  -3.060274760546642
     c_7 = 0.4308205316985768  +2.779296910460765  -0.35851588214924535
     c_8 = 0.00018639928629155244  +0.0012542206782477688  -0.00017988397626793735
     c_9 = 0.5700895686883548  +0.3585038236718068  -2.7792706380176897
    sigF = 0.0008584893699689932  +9.725651149959506e-06  -9.59584570452913e-06
