MCMC result:

     t_s = 2.278491804719999  +0.015230765251997624  -0.017931057650052207
      fp = 0.00028310173473029864  +3.4043677400227856e-05  -3.309985129597629e-05
     c_1 = 0.0034803130387732577  +0.0001487881780608785  -0.00014659430233124587
     c_2 = 2.103406626364464  +0.16108769713354576  -0.14997468365782196
     c_3 = 0.9993677913675459  +3.926822293687238e-05  -3.952496882819734e-05
     c_4 = 0.7795634830874817  +7.837148624365269  -2.02832231466282
     c_5 = 0.0002981152909706708  +0.00017877130719241366  -5.670136645354861e-05
     c_6 = 0.2206829717985339  +2.028390961406044  -7.837108974914839
     c_7 = 0.30000882710689547  +4.219913241740298  -0.4172104971359588
     c_8 = 0.0002715396719060638  +0.0018943526286577864  -0.00016952123590330327
     c_9 = 0.700896991967062  +0.41720297353540525  -4.219910503060356
    sigF = 0.0008568028901300273  +9.672135212982478e-06  -9.713211902640136e-06
